file	channel	0	0.1072	0.2144	0.3215	0.4287	0.5359	0.6431	0.7503	0.8574	0.9646	1.0718	1.179	1.2862	1.3933	1.5005	1.6077	1.7149	1.8221	1.9292	2.0364	2.1436	2.2508	2.358	2.4651	2.5723	2.6795	2.7867	2.8939	3.001	3.1082	3.2154	3.3226	3.4298	3.5369	3.6441	3.7513	3.8585	3.9657	4.0728	4.18	4.2872	4.3944	4.5016	4.6087	4.7159	4.8231	4.9303	5.0375	5.1446	5.2518	5.359	5.4662	5.5734	5.6805	5.7877	5.8949	6.0021	6.1093	6.2164	6.3236	6.4308	6.538	6.6452	6.7523	6.8595	6.9667	7.0739	7.1811	7.2882	7.3954	7.5026	7.6098	7.717	7.8241	7.9313	8.0385	8.1457	8.2529	8.36	8.4672	8.5744	8.6816	8.7888	8.8959	9.0031	9.1103	9.2175	9.3247	9.4318	9.539	9.6462	9.7534	9.8606	9.9677	10.0749	10.1821	10.2893	10.3965	10.5036	10.6108	10.718	10.8252	10.9324	11.0395	11.1467	11.2539	11.3611	11.4683	11.5754	11.6826	11.7898	11.897	12.0042	12.1113	12.2185	12.3257	12.4329	12.5401	12.6472	12.7544	12.8616	12.9688	13.076	13.1831	13.2903	13.3975	13.5047	13.6119	13.719	13.8262	13.9334	14.0406	14.1478	14.2549	14.3621	14.4693	14.5765	14.6837	14.7908	14.898	15.0052	15.1124	15.2196	15.3267	15.4339	15.5411	15.6483	15.7555	15.8626	15.9698	16.077	16.1842	16.2914	16.3985	16.5057	16.6129	16.7201	16.8273	16.9344	17.0416	17.1488	17.256	17.3632	17.4703	17.5775	17.6847	17.7919	17.8991	18.0062	18.1134	18.2206	18.3278	18.435	18.5421	18.6493	18.7565	18.8637	18.9709	19.078	19.1852	19.2924	
250802_U2OS_gapdh_tnpo1_rep3image02_R3D.dv	ch1	3982.8333	3995.8752	4006.5005	3992.769	3917.583	3843.2139	3790.2173	3796.3835	3821.0327	3799.5664	3780.323	3804.4302	3865.0708	3964.6868	4146.105	4314.1748	4336.6006	4231.0044	4138.1914	4072.3447	3986.4487	3898.145	3840.7578	3800.0659	3758.7979	3755.1794	3767.2378	3805.78	3842.7561	3905.0654	3963.5354	4003.7471	4046.1528	4113.3916	4140.2705	4136.4502	4109.9351	4080.6079	4095.313	4172.4492	4256.0605	4291.5044	4198.5186	4077.2207	4019.0083	3971.8157	3965.1621	3983.3989	4015.7087	4075.196	4097.9473	4082.1577	4080.4207	4092.9192	4072.5718	4031.5774	4005.8557	4030.5166	4093.1184	4123.3057	4100.7007	4089.4673	4084.6155	4083.1335	4087.3235	4098.5308	4104.9321	4112.3911	4158.8325	4234.4717	4359.9302	4533.0708	4708.1084	4738.0044	4689.645	4720.6284	4848.2275	4969.019	5111.8799	5234.3228	5262.8179	5271.689	5357.9082	5484.752	5574.7539	5616.0801	5663.3882	5744.9312	5900.0801	6109.3027	6293.207	6428.0972	6506.7031	6492.8145	6449.1201	6392.313	6375.4043	6506.1357	6661.2295	6666.4204	6491.1006	6345.9238	6335.3208	6522.4263	6805.6777	6932.4624	6866.5195	6860.5283	6899.7661	6828.5767	6716.3628	6636.3462	6606.2188	6568.8496	6422.3599	6232.6333	6120.8794	6103.1733	6184.4082	6255.6523	6297.6929	6306.4927	6295.8047	6308.3784	6413.9448	6643.8682	6995.8784	7383.9287	7646.0215	7651.1631	7448.188	7197.3511	6935.8799	6779.25	6762.5371	6829.6768	6832.3496	6701.4902	6632.5942	6677.6938	6653.4985	6624.9526	6632.957	6608.2705	6345.7583	5958.2793	5681.645	5663.0679	5718.0381	5655.166	5508.311	5416.8184	5441.873	5480.0405	5506.3872	5474.6611	5435.3062	5458.2339	5590.7407	5717.0117	5822.1221	5884.9253	5754.0508	5545.001	5388.7998	5352.8521	5328.2578	5323.8672	5428.1353	5511.269	5450.6733	5274.1934	5132.1396	5026.7822	4961.6768	4970.6606	5062.7285	5142.873	5130.6538	5108.2344	5122.749	
250802_U2OS_gapdh_tnpo1_rep3image02_R3D.dv	ch2	2501.9197	2486.5974	2464.1494	2445.1606	2434.5403	2422.9856	2405.0471	2387.9402	2382.2666	2377.4175	2366.7263	2366.3059	2383.4541	2390.6379	2392.2537	2380.0706	2373.1187	2379.5649	2379.6423	2381.4797	2382.0991	2380.3977	2389.4468	2428.8293	2485.3538	2517.3171	2499.3618	2464.3784	2439.696	2439.3279	2446.6411	2439.1045	2435.907	2448.7791	2467.4817	2489.1423	2489.2634	2484.9058	2506.8596	2534.0557	2550.0354	2564.6172	2585.9426	2569.9866	2536.4998	2505.6196	2494.957	2496.6025	2505.2542	2514.4185	2500.0552	2491.8833	2472.2957	2455.5427	2440.9822	2437.9458	2438.9856	2454.4231	2461.1641	2481.7751	2507.1877	2540.0293	2553.1208	2575.1284	2586.1758	2599.7493	2606.0281	2632.0767	2654.8447	2665.6394	2681.0505	2683.3921	2683.5798	2707.8032	2765.3254	2809.967	2823.2085	2810.925	2807.4714	2828.5608	2877.5244	2934.4287	2983.4629	3015.8823	3066.1716	3134.9917	3168.6414	3168.9714	3167.3767	3197.7937	3219.8618	3207.7769	3186.8086	3145.48	3097.9529	3065.0647	3013.7205	2946.5149	2900.3391	2884.0989	2881.8967	2886.9951	2886.1511	2906.8394	2929.0366	2946.6599	2950.9404	2938.1333	2956.8398	2995.3179	3028.4399	3041.4443	3030.0791	3024.3416	3024.5996	3037.2217	3058.8484	3037.9578	2986.4326	2957.4712	2955.8093	2958.0034	2933.0283	2874.9609	2831.2126	2816.832	2821.9712	2851.6943	2873.4314	2933.0894	3071.7515	3178.4087	3157.0645	3072.9272	2983.293	2897.23	2827.9561	2775.9292	2744.6448	2729.4155	2710.6001	2689.0823	2658.8394	2625.7378	2603.1174	2589.7861	2592.8184	2620.457	2639.3877	2613.9514	2544.042	2463.5896	2426.4348	2421.9287	2436.8037	2447.1079	2428.0906	2402.6279	2377.6421	2376.5938	2424.8069	2464.3564	2446.9185	2425.5833	2412.5156	2401.5283	2377.4316	2371.9829	2367.3711	2344.6003	2327.9802	2299.0542	2263.9939	2247.7822	2244.1931	2218.7991	2196.7258	2186.4939	2191.9509	2172.2092	2117.9546	
250802_U2OS_gapdh_tnpo1_rep3image03_R3D.dv	ch1	6930.0464	7003.0815	7119.2275	7234.8472	7296.1968	7368.854	7473.4141	7637.0459	7805.5781	7927.9224	7929.6841	7846.7974	7812.5171	7897.1255	8036.5186	8218.7598	8379.3164	8511.5947	8541.3545	8398.6914	8155.7114	7964.5054	7844.3037	7742.8965	7694.2207	7682.7749	7702.894	7654.5288	7629.0801	7683.9492	7798.9707	7979.4785	8207.5898	8497.9541	8860.8809	9111.6309	9208.3105	9181.8223	9080.3262	8978.8984	8974.7979	8999.6309	9032.207	9140.4863	9186.4424	9207.7607	9279.5439	9371.8447	9489.3701	9667.3945	9808.1621	9796.0469	9795.1162	9791.9883	9735.3135	9745.1641	9823.7676	9916.4795	10000.9795	10168.7764	10479.7275	10881.3652	11275.6768	11520.8438	11559.0371	11508.333	11373.9502	11381.4258	11571.1787	11823.5225	12043.3604	12217.4375	12421.1572	12717.5029	13022.1172	13359.1982	13720.627	13948.3164	14077.1035	14075.0957	14089.0928	14089.7803	14136.3418	14283.1348	14651.0889	14976.71	15120.6494	15206.8838	15361.3086	15581.6797	15812.9775	16063.9463	16243.2676	16333.6484	16284.6348	16155.7002	16072.7783	16004.416	15894.252	15737.8584	15444.3496	15137.6143	15071.9434	15088.083	15289.4961	15571.4326	15824.041	15911.7383	15983.5264	16030.1836	16030.5088	16007.1104	15914.418	15746.7158	15618.083	15602.3721	15724.8369	15932.6934	16161.4287	16348.457	16410.6289	16287.1416	16004.3262	15848.627	15857.8828	16013.8018	16209.9521	16311.5029	16316.0752	16264.791	16340.4199	16541.3262	16602.877	16510.6445	16322.3174	16144.085	16127.8398	16259.8281	16396.2285	16553.9531	16627.5059	16560.7676	16449.8203	16342.2744	16285.0156	16188.2021	16083.7314	15995.3965	15986.2432	16130.1377	16383.8105	16729.6992	17143.7754	17507.2949	17664.748	17444.9961	16951.1973	16357.0703	15893.9209	15777.9355	15933.3545	16262.3779	16675.584	16970.3027	17093.7734	17107.5664	16989.1895	16834.2754	16797.5977	16938.1582	17171.3867	17391.8809	17332.3184	17080.916	16865.2988	16628.1699	16434.9766	16426.3984	16536.127	16685.1738	16676.7617	
250802_U2OS_gapdh_tnpo1_rep3image03_R3D.dv	ch2	2638.7029	2626.1128	2608.197	2578.4946	2558.6321	2545.0886	2533.5042	2526.6875	2514.1196	2484.668	2464.1777	2458.7729	2459.449	2473.3833	2486.4185	2498.6243	2507.0293	2516.6929	2532.6128	2550.0122	2561.166	2547.3179	2525.1892	2489.2058	2469.843	2458.6963	2459.6997	2469.2358	2483.1992	2505.2827	2528.665	2550.3164	2560.3516	2584.7046	2614.9143	2628.8787	2646.3423	2648.6631	2633.0979	2611.7429	2588.0745	2563.4458	2556.1846	2560.772	2549.9915	2546.647	2550.3264	2561.5776	2570.417	2589.0945	2598.0913	2614.0054	2617.9458	2624.1865	2643.8972	2663.019	2694.8286	2729.2644	2762.4624	2791.0569	2812.3171	2825.8018	2841.7017	2859.9658	2854.0679	2843.6804	2841.0015	2849.0007	2875.2385	2901.781	2929.5361	2947.6951	2957.8293	2951.8445	2950.8469	2959.7363	2979.6516	3023.9019	3061.5076	3083.5664	3103.0532	3127.2163	3164.9275	3227.1926	3284.6453	3317.4856	3312.2385	3280.6194	3268.27	3259.7703	3254.2239	3267.8547	3297.9929	3345.0017	3386.0923	3452.3967	3517.2935	3586.2593	3630.5444	3652.8848	3679.793	3709.3398	3750.3325	3768.6501	3801.8501	3808.2917	3809.1074	3817.5566	3834.5	3820.5193	3790.3071	3708.9382	3611.7764	3546.0852	3513.1592	3494.8049	3477.0281	3472.0342	3449.7153	3438.71	3423.78	3408.9595	3415.4817	3415.8342	3405.248	3389.8044	3382.6904	3373.7766	3364.854	3351.9729	3330.6526	3313.3523	3290.7908	3262.1174	3249.5183	3249.2095	3251.9224	3261.8176	3251.8103	3242.8652	3227.6531	3218.8228	3225.2942	3213.4194	3193.1772	3192.4822	3175.5598	3163.575	3155.447	3138.4597	3116.7827	3106.8657	3095.2864	3073.7317	3040.873	2989.3503	2936.5317	2889.5884	2848.7949	2823.5354	2815.1924	2816.5747	2816.3521	2822.7886	2841.802	2846.5627	2842.7568	2836.4958	2792.2832	2749.6882	2705.2988	2663.8928	2643.2898	2628.4456	2611.4729	2606.312	2596.7515	2571.6196	2555.7476	2561.9438	2588.1924	
250802_U2OS_gapdh_tnpo1_rep3image05_R3D.dv	ch1	3418.6904	3443.9353	3502.4529	3567.4187	3580.7393	3591.9827	3604.4426	3603.6147	3578.8438	3534.1592	3471.7913	3414.1562	3385.1963	3357.6484	3340.5635	3328.9395	3338.5972	3364.5586	3384.5347	3390.0508	3392.3877	3385.3215	3392.2217	3411.146	3430.7166	3448.7031	3484.8137	3514.2837	3524.1514	3507.3591	3477.4453	3452.9111	3431.8984	3417.3523	3422.6331	3453.3667	3497.9614	3543.0994	3577.5186	3602.302	3601.8062	3594.6135	3599.1851	3604.8533	3609.3552	3625.4507	3649.8013	3673.6963	3695.9321	3740.1182	3770.9756	3825.0515	3850.9497	3866.3521	3877.4211	3902.0513	3941.8708	3993.0776	4050.2319	4122.3784	4217.3438	4312.9092	4388.2495	4438.9062	4482.7598	4552.2559	4638.563	4715.1436	4795.75	4859.3394	4935.2861	5029.6538	5140.8838	5260.146	5417.4912	5592.5459	5803.4502	6026.0229	6301.9873	6568.9551	6848.8735	7181.5703	7677.353	8358.4365	9122.5215	9838.5166	10475.9453	10844.3135	10931.6299	10913.085	10962.4717	11162.9307	11501.335	11912.3555	12399.6309	12948.3096	13388.043	13681.5928	13967.3115	14286.7021	14503.3076	14673.7793	14898.5273	15046.7041	15214.6367	15506.5742	15752.1885	15909.0977	15933.832	15980.7041	16035.7705	16151.4121	16252.0312	16201.7666	15987.5146	15646.6582	15457.7227	15434.6045	15477.585	15447.7959	15328.7734	15244.8838	15317.1367	15497.9639	15529.3291	15342.0225	15129.9922	14934.8252	14870.2324	15036.4346	15317.4639	15529.4395	15650.1025	15614.7422	15476.7549	15305.7666	15241.2188	15225.6572	15184.9707	15274.9297	15583.5742	15935.6318	16156.5771	16251.0947	16232.5586	16159.0205	16074.793	16057.9062	16014.0977	15860.3252	15647.376	15448.7539	15155.877	14801.2725	14526.4512	14261.3174	13999.4492	13693.666	13420.0234	13215.5312	13166.1387	13383.9131	13703.2734	13923.2246	14139.2656	14262.1826	14257.6562	14098.0205	13912.4658	13747.2246	13788.1006	14084.4775	14497.3857	14829.4082	15036.7998	15140.3867	15083.5068	14911.4336	14653.8291	14403.9854	14230.8184	
250802_U2OS_gapdh_tnpo1_rep3image05_R3D.dv	ch2	2183.7971	2185.9497	2180.3357	2169.7156	2134.3384	2098.9402	2071.0945	2054.4792	2060.2783	2076.7673	2093.854	2095.4377	2082.3062	2069.8948	2054.1196	2037.9781	2023.6351	2024.0918	2029.7207	2049.9802	2071.4492	2104.3677	2137.8896	2166.8103	2187.4868	2222.9431	2293.7878	2391.4463	2472.2664	2488.0383	2422.6045	2347.9324	2273.7344	2214.6567	2185.6775	2170.2532	2178.1523	2205.3811	2217.4294	2203.5684	2184.4761	2158.4514	2139.7905	2132.2942	2135.0684	2134.5117	2127.1978	2112.1072	2098.6255	2093.6655	2100.1663	2115.0671	2128.7119	2142.6208	2164.7749	2188.9626	2206.4568	2218.7632	2241.2585	2279.5225	2340.3335	2439.385	2531.2473	2565.5645	2535.1006	2494.7168	2467.064	2438.8645	2408.4878	2362.7822	2328.7029	2304.9187	2286.5989	2280.5642	2286.5906	2289.6746	2293.6614	2303.3406	2310.1157	2326.4595	2361.0088	2386.1055	2410.4841	2438.8816	2468.7971	2503.6995	2540.8625	2583.8726	2620.7747	2660.3735	2718.0205	2761.3674	2789.4111	2798.595	2806.1257	2818.364	2825.4836	2810.1873	2783.5447	2754.6472	2709.8062	2669.0117	2643.2009	2633.5818	2642.4133	2671.5901	2716.8621	2774.6741	2837.3865	2867.9197	2838.7805	2802.207	2808.1318	2851.4717	2902.9497	2963.3455	3001.3865	2962.9114	2855.7061	2748.0527	2639.7178	2552.8503	2498.3391	2461.9963	2444.5164	2436.8662	2432.6763	2415.8418	2383.8906	2367.2776	2381.1748	2438.5303	2544.002	2634.3345	2665.8835	2648.0762	2597.3879	2513.4368	2431.7134	2362.1052	2308.9338	2272.6133	2239.542	2209.3545	2179.8962	2161.571	2155.8162	2169.7712	2193.2292	2204.2427	2189.5837	2163.7258	2137.1792	2113.5791	2100.0251	2078.6418	2053.8403	2026.6196	2005.6229	1996.8364	1997.9951	2014.0115	2047.3949	2076.0422	2103.146	2142.9763	2187.1206	2232.5312	2288.9277	2339.5676	2390.5227	2404.281	2372.2148	2309.2954	2237.6396	2180.1792	2143.4062	2102.2356	2077.8887	2064.2583	2063.9138	
250802_U2OS_gapdh_tnpo1_rep3image09_R3D.dv	ch1	3951.2688	3985.2322	4004.7861	4006.6394	4004.2563	4010.6589	4035.7136	4097.0767	4169.8877	4245.9824	4317.0459	4379.2729	4423.0645	4451.3184	4437.0298	4382.0576	4320.6167	4259.3848	4220.7285	4190.4331	4173.7393	4195.3687	4219.3862	4271.5103	4308.978	4304.2754	4288.355	4296.4907	4329.396	4393.7905	4494.1416	4593.5059	4651.5322	4701.0308	4741.3062	4751.1221	4726.1064	4705.3335	4724.2422	4755.4453	4755.4014	4719.9849	4689.9922	4685.0425	4700.793	4723.8491	4786.4214	4875.8647	5016.2744	5143.1665	5212.1147	5222.7944	5209.6938	5174.6064	5125.2241	5078.2476	5064.502	5091.689	5154.605	5249.6909	5378.8145	5548.2656	5670.083	5743.8325	5798.3467	5922.8057	6096.0601	6239.3047	6367.2637	6496.7734	6621.1528	6871.5312	7204.8457	7537.3911	7894.8325	8303.7637	8601.9023	8846.71	9025.7227	9061.7549	8988.6494	8888.4541	8794.1113	8814.9629	8946.3135	9062.6475	9120.0869	9193.0557	9372.377	9657.4785	9898.1738	9991.5186	9868.4775	9585.873	9277.8086	9096.7334	9055.8408	9139.0713	9301.2324	9406.5	9399.4238	9334.8262	9348.0703	9464.0303	9623.7637	9612.124	9406.2539	9130.7051	8887.3311	8754.5518	8725.749	8773.6631	8933.6113	9152.2686	9353.8604	9508.0918	9619.833	9688.249	9714.7051	9683.3574	9618.3848	9622.001	9645.8643	9539.1338	9416.209	9283.1133	9104.3125	8936.8984	8777.1836	8698.8164	8706.8965	8794.1543	9011.0762	9176.4941	9201.3467	9091.1787	8860.3721	8626.5186	8485.2725	8553.543	8838.6523	9185.25	9363.2617	9338.8037	9232.2871	9024.668	8748.4336	8470.2744	8256.5859	8225.3857	8395.3682	8612.2568	8692.1562	8571.9131	8360.1611	8200.1807	8138.6641	8165.4985	8219.4121	8304.4414	8393.8213	8472.2666	8650.4453	8824.1582	8897.3652	8948.4062	9054.6914	9151.1768	9178.5596	9161.2402	9156.2266	9025.8516	8824.7158	8674.3232	8687.168	8838.5498	9008.7412	9165.8711	9249.8115	9237.1445	9152.1953	
250802_U2OS_gapdh_tnpo1_rep3image09_R3D.dv	ch2	2201.7612	2182.9517	2167.866	2165.4067	2153.0894	2145.156	2145.5879	2155.9087	2152.7307	2133.53	2112.6443	2098.2771	2098.9495	2084.4519	2060.1758	2051.2229	2058.6572	2073.4385	2091.4448	2098.2537	2103.9524	2103.5898	2106.7852	2121.187	2129.6562	2101.9658	2067.7751	2051.6162	2046.5286	2045.1849	2056.5439	2072.8301	2087.4976	2094.5381	2093.571	2083.9329	2081.3171	2080.7629	2079.1362	2071.6379	2065.6016	2065.9346	2067.7197	2075.2781	2084.7554	2081.3684	2081.1128	2071.0076	2064.3704	2064.6226	2063.8967	2067.3286	2080.6589	2089.1023	2113.3433	2142.9768	2158.9426	2158.5466	2158.6194	2160.7085	2164.6936	2176.1523	2179.438	2180.9666	2176.7742	2174.3843	2188.1418	2209.6028	2238.0532	2278.7927	2305.8567	2319.6699	2324.2058	2332.9207	2360.9568	2408.5874	2462.3567	2514.4653	2573.416	2622.5112	2648.3606	2645.9028	2648.1033	2647.0347	2644.5798	2626.3911	2605.6248	2593.136	2582.3738	2586.1465	2600.9978	2624.7258	2647.0339	2691.1963	2725.4285	2752.6379	2755.8906	2751.5244	2760.1404	2786.9407	2817.6951	2816.3345	2778.96	2741.2927	2710.0127	2670.4038	2629.3928	2595.4185	2564.9675	2549.2144	2538.9141	2519.8206	2499.9172	2486.7087	2477.8547	2474.7197	2477.4814	2484.3372	2477.1482	2473.9817	2474.1238	2485.5449	2507.3435	2541.771	2596.2988	2651.896	2704.1599	2749.7817	2784.856	2814.3369	2815.0813	2782.4705	2745.3301	2730.8142	2734.3923	2727.5259	2692.5447	2641.1018	2554.4575	2464.0164	2412.2832	2403.7026	2416.123	2420.1975	2415.7129	2397.0776	2374.3357	2364.7898	2356.1157	2362.6516	2381.7219	2402.8196	2447.3135	2496.1948	2539.5542	2559.1006	2556.6404	2559.6536	2576.5745	2612.3066	2653.6523	2680.7004	2685.7605	2676.137	2662.8979	2647.4087	2619.0295	2565.1372	2519.7805	2475.6389	2441.7188	2388.9421	2331.1772	2258.168	2189.5725	2139.1604	2099.8242	2074.0176	2049.8269	2031.2284	2027.9771	
250802_U2OS_gapdh_tnpo1_rep3image11_R3D.dv	ch1	4749.6895	4832.6689	4963.2705	5116.1489	5205.479	5173.8364	5063.7119	4944.8042	4856.1372	4818.2344	4828.4624	4900.8555	5016.0903	5103.3394	5122.1123	5162.7397	5228.9106	5273.7817	5262.5693	5230.0176	5196.7095	5122.8047	5005.4932	4923.6104	4879.2866	4875.5112	4858.2109	4859.5498	4882.4062	4941.4321	5013.1108	5077.2847	5159.6411	5262.022	5331.0801	5354.9287	5360.8633	5389.4683	5400.9785	5358.5171	5281.2134	5230.7739	5194.6235	5167.9541	5174.0034	5181.8545	5172.6372	5170.9028	5193.127	5255.1357	5353.5259	5459.6953	5561.0259	5641.9937	5721.9321	5811.9658	5888.6675	5957.5244	6064.5474	6279.9058	6563.6064	6819.1289	6918.6543	6934.7212	6951.4985	6941.0142	6879.8687	6787.5273	6748.8101	6878.9556	7053.9097	7124.1094	7107.3398	7151.0352	7343.3179	7594.2959	7783.1216	7909.9531	7973.2197	7995.3369	8100.0698	8292.6592	8568.1953	8805.9424	8945.4531	9033.4043	9285.0723	9732.3447	10205.9033	10582.1602	10769.2549	10714.2539	10537.9629	10348.0879	10275.1406	10354.8682	10483.4268	10503.0293	10429.6738	10374.041	10428.3301	10607.877	10829.7227	11011.1865	10979.1123	10782.6807	10555.0371	10411.1299	10280.1777	10040.5586	9714.8916	9413.5596	9251.8447	9191.5117	9131.4746	9067.6631	9049.8184	9071.6328	9071.8574	8994.8447	8883.2119	8796.3721	8790.7783	8867.6299	8895.0967	8928.4785	8989.4229	9023.3115	8982.4316	8876.1035	8761.3877	8609.3057	8403.4775	8112.6147	7782.4893	7562.9653	7550.3374	7607.0806	7660.1196	7736.0254	7820.3296	7769.5332	7434.2637	6917.3921	6423.064	6067.1074	5880.9321	5849.4521	5922.4385	6062.5298	6134.873	6063.4868	5962.0151	6022.5869	6303.7769	6647.0708	6853.7891	6933.9795	6954.8579	6950.0063	6894.7134	6824.0479	6771.1519	6727.6357	6709.6514	6727.0566	6642.7842	6373.8218	5984.8198	5629.7847	5434.2578	5396.9409	5422.644	5477.832	5528.7656	5526.3467	5458.1318	5399.52	5356.1782	5360.2129	5412.4731	
250802_U2OS_gapdh_tnpo1_rep3image11_R3D.dv	ch2	2313.8459	2307.5596	2293.333	2280.0366	2272.9473	2263.7415	2254.6504	2252.8296	2243.9832	2251.8359	2250.6123	2240.1836	2239.6401	2242.6375	2263.5801	2281.0056	2290.0393	2285.2722	2284.2329	2274.4731	2268.2759	2260.4719	2268.4512	2278.1099	2301.4565	2310.9731	2309.7524	2309.5	2307.7444	2308.9412	2314.2705	2308.9319	2296.1406	2290.2288	2303.1135	2320.3015	2333.8442	2348.9062	2389.7971	2443.3235	2453.73	2411.4595	2340.8125	2286.3684	2255.531	2234.7632	2222.7146	2218.5142	2209.2908	2213.6362	2228.8965	2242.5393	2253.7253	2274.3074	2301.5688	2317.2542	2322.5471	2313.3301	2298.2686	2285.3342	2277.3337	2275.2314	2279.6841	2289.7026	2300.2671	2325.093	2342.114	2342.3535	2340.531	2345.603	2348.2136	2356.0942	2363.9954	2379.4866	2403.2646	2424.5149	2427.217	2418.0364	2418.0886	2418.9233	2433.3237	2452.873	2479.5569	2505.3994	2524.1614	2540.1284	2564.897	2580.4009	2579.7759	2580.7571	2605.8354	2645.7507	2694.8254	2743.6797	2788.4106	2826.4692	2853.8962	2857.8164	2845.0134	2836.9807	2823.6794	2785.8882	2743.989	2702.7791	2666.4712	2639.4351	2608.4629	2577.2878	2532.9094	2476.9072	2432.4158	2398.4187	2381.1423	2368.949	2346.8843	2334.9912	2328.813	2324.5823	2321.1677	2322.8831	2324.3369	2323.4241	2306.9871	2301.4216	2296.303	2278.8525	2269.4114	2262.1453	2258.3792	2249.3716	2242.238	2236.9458	2232.553	2230.3921	2201.666	2172.1753	2156.7185	2148.2566	2148.0771	2153.8042	2156.6484	2143.6226	2091.7468	2031.213	1975.6383	1936.8396	1933.2754	1953.6373	1973.3619	1994.2567	2012.5212	2044.962	2100.9417	2142.949	2148.1392	2136.4604	2148.0327	2194.6738	2220.2551	2189.5979	2125.2051	2078.0786	2072.1177	2073.022	2071.5237	2059.1648	2048.6658	2020.6658	1975.0629	1920.0151	1871.3057	1857.65	1870.4968	1883.0531	1851.905	1800.0486	1749.355	1716.9604	1690.373	1666.8059	1648.8804	
250802_U2OS_gapdh_tnpo1_rep3image12_R3D.dv	ch1	5510.8481	5626.4136	5600.8936	5487.4375	5421.2119	5506.0259	5708.7637	5955.3457	6106.3193	6028.479	5807.502	5598.4399	5411.5654	5308.4722	5336.626	5482.0435	5701.5654	5913.2725	6036.4209	6048.5308	5937.0605	5840.5762	5852.9746	5897.5771	5856.9805	5702.7524	5613.0918	5643.2827	5723.1201	5737.5674	5693.6396	5766.5957	5968.3481	6183.334	6232.3867	6100.4458	5938.9287	5807.7119	5710.0762	5676.8589	5750.3896	5888.7554	6052.3066	6224.5176	6380.3472	6436.3438	6418.3423	6401.9053	6460.9692	6605.6035	6797.9839	7010.7734	7183.3438	7239.9644	7211.3892	7197.7119	7190.5542	7103.5854	6934.7515	6784.7788	6764.3774	6837.9766	6938.6235	7078.9019	7287.854	7437.6318	7505.1958	7533.1704	7610.314	7763.0166	8043.4155	8394.4873	8603.333	8642.6875	8652.6338	8680.21	8748.915	8802.75	8892.9922	9082.8018	9351.6396	9675.9912	9899.8379	10023.7402	10214.6299	10508.4531	10765.2363	10837.8281	10821.3037	10845.5566	10905.2041	11065.8047	11336.1094	11740.6094	12211.6182	12597.1533	12794.1758	12940.4941	13218.6182	13602.5752	13843.3262	13790.6592	13541.9053	13425.1123	13473.7354	13620.7549	13677.0977	13671.8135	13644.792	13529.5361	13258.8145	12838.6133	12454.2686	12358.376	12631.3672	13134.1279	13589.958	13773.1514	13665.6211	13414.1807	13134.3555	12961.1182	12941.6143	13009.4316	13143.2793	13184.0908	13015.1768	12802.2793	12778.3457	13053.1914	13408.7734	13582.2324	13461.1768	13207.0049	13001.8379	12939.8408	12883.3545	12915.3721	13075.708	13326.0684	13499.7666	13417.0186	13091.0977	12609.5713	12235.4502	11938.3281	11679.1514	11397.1025	11125.6904	10986.4248	11037.2549	11253.3369	11524.8066	11725.3652	11796.2539	11759.8643	11684.7041	11605.8525	11528.709	11542.8643	11708.249	11838.5615	11795.417	11632.1191	11553.9277	11604.5156	11723.5283	11800.5801	11686.1973	11472.8252	11207.9785	11065.6279	11061.3652	11226.6963	11406.7676	11406.0547	11157.458	10769.4189	10472.5195	10279.5908	10267.6514	
250802_U2OS_gapdh_tnpo1_rep3image12_R3D.dv	ch2	2178.5449	2156.623	2141.1206	2114.0679	2089.1162	2076.6123	2065.4114	2055.0925	2068.8311	2083.6758	2094.5645	2102.0486	2102.2104	2112.5396	2124.9026	2126.0925	2115.6855	2114.9912	2108.4192	2090.7681	2084.0139	2076.6182	2074.4976	2081.7	2085.0776	2091.5647	2101.8369	2116.5427	2125.8228	2136.8164	2136.2615	2141.4502	2137.7346	2130.4417	2110.0671	2092.5002	2079.2983	2073.4746	2078.9785	2080.8877	2087.3889	2089.3225	2094.9983	2102.376	2122.9946	2133.0837	2141.396	2163.4851	2219.2615	2324.3987	2421.6443	2447.439	2384.9968	2313.189	2296.5444	2309.5837	2335.0796	2348.2859	2338.0125	2302.8301	2270.4587	2243.7815	2226.4824	2229.3733	2237.7815	2242.7886	2260.5015	2276.3357	2277.8201	2263.7432	2257.3789	2274.7544	2297.2793	2297.7878	2291.9253	2293.7734	2310.9285	2332.7917	2363.114	2399.4111	2414.2002	2416.1296	2415.9753	2417.4194	2432.45	2447.012	2473.543	2508.3337	2538.2356	2569.7498	2587.8301	2591.0503	2600.1147	2608.519	2618.0903	2637.0508	2677.3091	2738.8506	2814.1956	2899.3455	3003.9658	3056.7595	2998.7708	2904.9902	2844.7749	2806.4832	2782.9324	2780.8772	2784.8972	2794.0693	2800.5823	2820.9556	2857.4277	2916.1292	3012.439	3096.0232	3103.4092	2979.8955	2824.9131	2728.2627	2659.8997	2621.844	2592.8054	2571.1091	2553.7827	2514.2812	2476.0371	2454.0894	2431.8892	2415.9734	2400.6582	2382.6311	2391.4971	2423.2791	2456.3049	2461.6985	2453.0718	2449.053	2466.3928	2474.8354	2481.3057	2497.6099	2540.1301	2530.5659	2456.7546	2358.7288	2300.6248	2267.9883	2224.1514	2180.5374	2132.2266	2101.1943	2078.1196	2068.845	2060.6377	2046.447	2045.9465	2046.6298	2045.0713	2045.0184	2044.946	2050.4387	2065.6821	2092.5393	2132.4753	2195.1765	2257.2427	2293.9624	2310.8904	2331.4182	2320.3486	2279.9854	2240.717	2226.7866	2216.3818	2207.0134	2205.2119	2210.1333	2208.2212	2179.6938	2142.416	
250802_U2OS_gapdh_tnpo1_rep3image13_R3D.dv	ch1	7108.5688	7140.4092	7165.0479	7203.5981	7231.7949	7224.0493	7180.5352	7247.834	7481.3252	7864.3882	8161.6641	8167.4155	7904.8774	7576.8848	7449.519	7528.1235	7666.4023	7749.2446	7687.8506	7545.6641	7425.8042	7382.0903	7387.5811	7369.6826	7357.7793	7381.6021	7438.3564	7512.0825	7547.3418	7600.2871	7686.8149	7882.123	8248.7441	8696.2168	9053.1494	9179.502	9101.3164	8924.3711	8633.0049	8255.8564	7930.4097	7762.5425	7827.7891	8014.0439	8209.0635	8331.2734	8298.3311	8207.0791	8227.0566	8345.9434	8468.4746	8592.834	8682.6201	8662.2061	8516.7812	8404.4336	8425.1318	8498.6123	8469.6875	8313.8633	8123.7021	8024.6177	8045.0581	8108.8989	8179.3467	8280.4814	8448.3721	8685.2656	8926.6719	9120.8213	9390.8672	9776.0312	10203.0645	10520.8271	10608.3203	10495.6436	10354.6387	10281.8145	10304.0566	10465.959	10775.2178	11000.6084	11011.001	10937.7314	10970.0039	11013.5361	11041.1377	11110.127	11320.0586	11761.6201	12355.2568	12876.5273	13136.5303	13068.8428	13011.3545	13198.0088	13650.5615	14096.9258	14389.543	14664.2148	14935.7549	15150.9639	15351.5371	15678.8818	16158.6699	16622.9512	16797.4863	16830.293	16820.0469	16990.1641	17176.9023	17312.7832	17279.7031	17226.9121	17313.9961	17587.1797	17811.5801	17844.1758	17847.5566	17973.8184	18159.6211	18299.6055	18398.6895	18543.7363	18540.3184	18404.0312	18045.5566	17609.2129	17185.752	16922.5488	16877.9727	17015.8945	17249.6035	17661.3652	18082.7617	18257.3535	18245.334	18240.3066	18271.3066	18196.9316	17947.0742	17733.3574	17545.9648	17253.5234	16866.0488	16362.1279	15722.1436	14971.8877	14275.6084	13885.373	13781.7109	13864.2861	13858.751	13640.499	13266.0635	12983.3545	12903.3496	13052.0938	13296.1045	13453.6895	13383.8945	13175.7471	12887.3281	12569.082	12408.4121	12584.6797	13068.7646	13626.1396	13873.1406	13624.4795	13086.0459	12640.7188	12484.7021	12413.2998	12011.5977	11315.1816	10588.4326	10151.5742	9894.2412	9637.6055	9408.3115	
250802_U2OS_gapdh_tnpo1_rep3image13_R3D.dv	ch2	2537.3735	2526.0493	2530.7957	2530.4102	2526.6008	2527.0605	2523.7026	2543.3562	2596.3328	2676.1582	2744.9204	2782.0398	2784.2095	2766.2195	2751.1196	2733.929	2714.5298	2689.6877	2665.7502	2644.3647	2626.0562	2616.1804	2609.5273	2600.9873	2575.6741	2547.1436	2531.709	2518.2451	2522.2964	2532.5015	2537.9558	2534.8125	2521.5022	2514.7056	2526.2253	2546.8088	2575.5012	2608.5745	2625.0571	2623.6619	2623.9348	2632.5869	2649.4177	2678.092	2682.562	2646.8379	2589.2615	2542.8306	2519.197	2510.3418	2507.6113	2504.4119	2494.907	2495.8049	2504.3169	2515.5054	2519.9602	2508.8569	2489.7363	2476.8845	2483.2527	2504.325	2526.5347	2538.1079	2534.3477	2540.1064	2555.2739	2565.5088	2552.5864	2512.949	2483.5918	2464.8296	2464.7751	2489.762	2518.5754	2543.5244	2584.4841	2650.8269	2752.3835	2831.4226	2835.1167	2790.5984	2753.9355	2740.45	2735.2017	2715.2112	2699.0347	2713.9478	2740.0574	2766.2737	2781.5247	2791.5774	2805.603	2817.9507	2828.8569	2831.9817	2826.6631	2824.1814	2826.9807	2832.9775	2829.4141	2820.353	2824.803	2825.4927	2842.0649	2873.8215	2887.074	2880.3469	2864.9604	2868.0254	2867.8086	2869.646	2857.3022	2849.2515	2839.2822	2836.8892	2839.0327	2830.9543	2815.6555	2810.3306	2799.2815	2785.7676	2757.8284	2726.7039	2699.1924	2695.5815	2689.0205	2681.9539	2674.1584	2660.9116	2638.717	2601.0813	2561.9478	2534.2957	2527.8967	2525.4194	2553.2427	2578.9983	2585.7051	2568.7178	2563.3711	2572.1497	2586.6023	2583.5239	2561.345	2521.9456	2489.3337	2479.1409	2462.459	2448.9658	2416.1821	2372.4126	2335.7222	2317.7883	2319.2048	2315.2671	2287.2993	2247.843	2230.6409	2234.5095	2238.8567	2242.6265	2245.6965	2236.1182	2223.5073	2213.989	2210.4229	2201.8728	2181.9968	2159.7893	2132.8521	2102.2351	2067.9719	2028.2059	1987.9602	1960.8466	1947.4758	1940.0594	1932.2983	1912.5057	1889.3304